1,10,10,100,0,0.0,204.0,0.0,[1, 7, 4, 3, 6, 1, 3, 4, 7, 0, 6, 4, 0, 0, 3, 4, 1, 1, 2, 2, 6, 5, 5, 0, 4, 5, 4, 2, 1, 1, 0, 4, 7, 2, 7, 1, 6, 3, 4, 0, 4, 7, 5, 1, 4, 0, 0, 1, 5, 7, 2, 5, 4, 1, 3, 0, 3, 0, 1, 6, 0, 5, 6, 0, 5, 2, 5, 2, 5, 4, 0, 0, 4, 0, 5, 3, 2, 1, 3, 5, 7, 1, 2, 2, 2, 0, 2, 2, 6, 3, 1, 2, 1, 1, 5, 2, 6, 1, 4, 4]
2,12,12,100,0,0.0,172.5,0.3333333333333333,[1, 7, 4, 3, 6, 1, 3, 4, 7, 0, 6, 4, 0, 0, 3, 4, 1, 1, 2, 2, 6, 5, 5, 0, 4, 5, 4, 2, 1, 1, 0, 4, 7, 2, 7, 1, 6, 3, 4, 0, 4, 7, 5, 1, 4, 0, 0, 1, 5, 7, 2, 5, 4, 1, 3, 0, 3, 0, 1, 6, 0, 5, 6, 0, 5, 2, 5, 2, 5, 4, 0, 0, 4, 0, 5, 3, 2, 1, 3, 5, 7, 1, 2, 2, 2, 0, 2, 2, 6, 3, 1, 2, 1, 1, 5, 2, 6, 1, 4, 4]
3,13,13,99,0,0.0,162.53846153846155,0.46153846153846156,[1, 7, 4, 3, 6, 1, 3, 4, 7, 0, 6, 4, 0, 0, 3, 4, 1, 1, 2, 2, 6, 5, 5, 0, 4, 5, 4, 2, 1, 1, 0, 4, 7, 2, 7, 1, 6, 3, 4, 0, 4, 7, 5, 1, 4, 0, 0, 1, 5, 7, 2, 5, 4, 1, 3, 0, 3, 0, 1, 6, 0, 5, 6, 0, 5, 2, 5, 2, 5, 4, 0, 0, 4, 0, 5, 3, 2, 1, 3, 5, 7, 1, 2, 2, 2, 0, 2, 2, 6, 3, 1, 2, 1, 1, 5, 2, 6, 1, 4, 4]
4,14,14,98,1,0.0,153.92857142857142,0.5714285714285714,[1, 7, 4, 3, 6, 1, 3, 4, 7, 0, 6, 4, 0, 0, 3, 4, 1, 1, 2, 2, 6, 5, 5, 0, 4, 5, 4, 2, 1, 1, 0, 4, 7, 2, 7, 1, 6, 3, 4, 0, 4, 7, 5, 1, 4, 0, 0, 1, 5, 7, 2, 5, 4, 1, 3, 0, 3, 0, 1, 6, 0, 5, 6, 0, 5, 2, 5, 2, 5, 4, 0, 0, 4, 0, 5, 3, 2, 1, 3, 5, 7, 1, 2, 2, 2, 0, 2, 2, 6, 3, 1, 2, 1, 1, 5, 2, 6, 1, 4, 4]
5,14,14,96,1,0.0,157.21428571428572,0.5714285714285714,[1, 7, 4, 3, 6, 1, 3, 4, 7, 0, 6, 4, 0, 0, 3, 4, 1, 1, 2, 2, 6, 5, 5, 0, 4, 5, 4, 2, 1, 1, 0, 4, 7, 2, 7, 1, 6, 3, 4, 0, 4, 7, 5, 1, 4, 0, 0, 1, 5, 7, 2, 5, 4, 1, 3, 0, 3, 0, 1, 6, 0, 5, 6, 0, 5, 2, 5, 2, 5, 4, 0, 0, 4, 0, 5, 3, 2, 1, 3, 5, 7, 1, 2, 2, 2, 0, 2, 2, 6, 3, 1, 2, 1, 1, 5, 2, 6, 1, 4, 4]
6,14,14,92,4,0.0,161.21428571428572,0.5714285714285714,[1, 7, 4, 3, 6, 1, 3, 4, 7, 0, 6, 4, 0, 0, 3, 4, 1, 1, 2, 2, 6, 5, 5, 0, 4, 5, 4, 2, 1, 1, 0, 4, 7, 2, 7, 1, 6, 3, 4, 0, 4, 7, 5, 1, 4, 0, 0, 1, 5, 7, 2, 5, 4, 1, 3, 0, 3, 0, 1, 6, 0, 5, 6, 0, 5, 2, 5, 2, 5, 4, 0, 0, 4, 0, 5, 3, 2, 1, 3, 5, 7, 1, 2, 2, 2, 0, 2, 2, 6, 3, 1, 2, 1, 1, 5, 2, 6, 1, 4, 4]
7,15,15,89,5,0.0,153.86666666666667,0.6666666666666666,[1, 7, 4, 3, 6, 1, 3, 4, 7, 0, 6, 4, 0, 0, 3, 4, 1, 1, 2, 2, 6, 5, 5, 0, 4, 5, 4, 2, 1, 1, 0, 4, 7, 2, 7, 1, 6, 3, 4, 0, 4, 7, 5, 1, 4, 0, 0, 1, 5, 7, 2, 5, 4, 1, 3, 0, 3, 0, 1, 6, 0, 5, 6, 0, 5, 2, 5, 2, 5, 4, 0, 0, 4, 0, 5, 3, 2, 1, 3, 5, 7, 1, 2, 2, 2, 0, 2, 2, 6, 3, 1, 2, 1, 1, 5, 2, 6, 1, 4, 4]
8,16,16,90,5,0.0,146.125,0.75,[1, 7, 4, 3, 6, 1, 3, 4, 7, 0, 6, 4, 0, 0, 3, 4, 1, 1, 2, 2, 6, 5, 5, 0, 4, 5, 4, 2, 1, 1, 0, 4, 7, 2, 7, 1, 6, 3, 4, 0, 4, 7, 5, 1, 4, 0, 0, 1, 5, 7, 2, 5, 4, 1, 3, 0, 3, 0, 1, 6, 0, 5, 6, 0, 5, 2, 5, 2, 5, 4, 0, 0, 4, 0, 5, 3, 2, 1, 3, 5, 7, 1, 2, 2, 2, 0, 2, 2, 6, 3, 1, 2, 1, 1, 5, 2, 6, 1, 4, 4]
9,16,16,84,9,0.0,150.125,0.75,[1, 7, 4, 3, 6, 1, 3, 4, 7, 0, 6, 4, 0, 0, 3, 4, 1, 1, 2, 2, 6, 5, 5, 0, 4, 5, 4, 2, 1, 1, 0, 4, 7, 2, 7, 1, 6, 3, 4, 0, 4, 7, 5, 1, 4, 0, 0, 1, 5, 7, 2, 5, 4, 1, 3, 0, 3, 0, 1, 6, 0, 5, 6, 0, 5, 2, 5, 2, 5, 4, 0, 0, 4, 0, 5, 3, 2, 1, 3, 5, 7, 1, 2, 2, 2, 0, 2, 2, 6, 3, 1, 2, 1, 1, 5, 2, 6, 1, 4, 4]
10,18,18,86,8,0.0,134.77777777777777,0.8888888888888888,[2, 1, 6, 2, 4, 1, 4, 2, 1, 1, 1, 7, 0, 7, 4, 6, 1, 5, 3, 3, 2, 2, 3, 7, 3, 7, 0, 4, 1, 7, 0, 0, 4, 1, 2, 0, 2, 2, 6, 0, 4, 7, 6, 1, 0, 1, 5, 1, 1, 1, 1, 3, 5, 4, 3, 6, 3, 1, 0, 6, 4, 2, 6, 3, 6, 1, 0, 5, 3, 4, 3, 1, 0, 3, 1, 5, 5, 2, 7, 1, 2, 0, 4, 3, 2, 7, 0, 0, 5, 2, 7, 2, 7, 4, 5, 3, 3, 7, 7, 5]
11,19,19,81,10,0.0,130.68421052631578,0.9473684210526315,[2, 1, 6, 2, 4, 1, 4, 2, 1, 1, 1, 7, 0, 7, 4, 6, 1, 5, 3, 3, 2, 2, 3, 7, 3, 7, 0, 4, 1, 7, 0, 0, 4, 1, 2, 0, 2, 2, 6, 0, 4, 7, 6, 1, 0, 1, 5, 1, 1, 1, 1, 3, 5, 4, 3, 6, 3, 1, 0, 6, 4, 2, 6, 3, 6, 1, 0, 5, 3, 4, 3, 1, 0, 3, 1, 5, 5, 2, 7, 1, 2, 0, 4, 3, 2, 7, 0, 0, 5, 2, 7, 2, 7, 4, 5, 3, 3, 7, 7, 5]
12,22,22,83,6,0.0,113.81818181818181,1.0909090909090908,[2, 1, 6, 2, 4, 1, 4, 2, 1, 1, 1, 7, 0, 7, 4, 6, 1, 5, 3, 3, 2, 2, 3, 7, 3, 7, 0, 4, 1, 7, 0, 0, 4, 1, 2, 0, 2, 2, 6, 0, 4, 7, 6, 1, 0, 1, 5, 1, 1, 1, 1, 3, 5, 4, 3, 6, 3, 1, 0, 6, 4, 2, 6, 3, 6, 1, 0, 5, 3, 4, 3, 1, 0, 3, 1, 5, 5, 2, 7, 1, 2, 0, 4, 3, 2, 7, 0, 0, 5, 2, 7, 2, 7, 4, 5, 3, 3, 7, 7, 5]
13,22,22,77,12,0.0,116.45454545454545,1.0909090909090908,[2, 1, 6, 2, 4, 1, 4, 2, 1, 1, 1, 7, 0, 7, 4, 6, 1, 5, 3, 3, 2, 2, 3, 7, 3, 7, 0, 4, 1, 7, 0, 0, 4, 1, 2, 0, 2, 2, 6, 0, 4, 7, 6, 1, 0, 1, 5, 1, 1, 1, 1, 3, 5, 4, 3, 6, 3, 1, 0, 6, 4, 2, 6, 3, 6, 1, 0, 5, 3, 4, 3, 1, 0, 3, 1, 5, 5, 2, 7, 1, 2, 0, 4, 3, 2, 7, 0, 0, 5, 2, 7, 2, 7, 4, 5, 3, 3, 7, 7, 5]
14,23,23,76,10,0.0,112.82608695652173,1.1304347826086956,[2, 1, 6, 2, 4, 1, 4, 2, 1, 1, 1, 7, 0, 7, 4, 6, 1, 5, 3, 3, 2, 2, 3, 7, 3, 7, 0, 4, 1, 7, 0, 0, 4, 1, 2, 0, 2, 2, 6, 0, 4, 7, 6, 1, 0, 1, 5, 1, 1, 1, 1, 3, 5, 4, 3, 6, 3, 1, 0, 6, 4, 2, 6, 3, 6, 1, 0, 5, 3, 4, 3, 1, 0, 3, 1, 5, 5, 2, 7, 1, 2, 0, 4, 3, 2, 7, 0, 0, 5, 2, 7, 2, 7, 4, 5, 3, 3, 7, 7, 5]
15,25,25,75,16,0.0,105.08,1.2,[2, 1, 6, 2, 4, 1, 4, 2, 1, 1, 1, 7, 0, 7, 4, 6, 1, 5, 3, 3, 2, 2, 3, 7, 3, 7, 0, 4, 1, 7, 0, 0, 4, 1, 2, 0, 2, 2, 6, 0, 4, 7, 6, 1, 0, 1, 5, 1, 1, 1, 1, 3, 5, 4, 3, 6, 3, 1, 0, 6, 4, 2, 6, 3, 6, 1, 0, 5, 3, 4, 3, 1, 0, 3, 1, 5, 5, 2, 7, 1, 2, 0, 4, 3, 2, 7, 0, 0, 5, 2, 7, 2, 7, 4, 5, 3, 3, 7, 7, 5]
16,25,25,72,16,0.0,106.68,1.2,[2, 1, 6, 2, 4, 1, 4, 2, 1, 1, 1, 7, 0, 7, 4, 6, 1, 5, 3, 3, 2, 2, 3, 7, 3, 7, 0, 4, 1, 7, 0, 0, 4, 1, 2, 0, 2, 2, 6, 0, 4, 7, 6, 1, 0, 1, 5, 1, 1, 1, 1, 3, 5, 4, 3, 6, 3, 1, 0, 6, 4, 2, 6, 3, 6, 1, 0, 5, 3, 4, 3, 1, 0, 3, 1, 5, 5, 2, 7, 1, 2, 0, 4, 3, 2, 7, 0, 0, 5, 2, 7, 2, 7, 4, 5, 3, 3, 7, 7, 5]
17,27,27,66,19,0.0,100.81481481481481,1.2592592592592593,[2, 1, 6, 2, 4, 1, 4, 2, 1, 1, 1, 7, 0, 7, 4, 6, 1, 5, 3, 3, 2, 2, 3, 7, 3, 7, 0, 4, 1, 7, 0, 0, 4, 1, 2, 0, 2, 2, 6, 0, 4, 7, 6, 1, 0, 1, 5, 1, 1, 1, 1, 3, 5, 4, 3, 6, 3, 1, 0, 6, 4, 2, 6, 3, 6, 1, 0, 5, 3, 4, 3, 1, 0, 3, 1, 5, 5, 2, 7, 1, 2, 0, 4, 3, 2, 7, 0, 0, 5, 2, 7, 2, 7, 4, 5, 3, 3, 7, 7, 5]
18,30,30,64,22,0.0,91.83333333333333,1.3333333333333333,[2, 1, 6, 2, 4, 1, 4, 2, 1, 1, 1, 7, 0, 7, 4, 6, 1, 5, 3, 3, 2, 2, 3, 7, 3, 7, 0, 4, 1, 7, 0, 0, 4, 1, 2, 0, 2, 2, 6, 0, 4, 7, 6, 1, 0, 1, 5, 1, 1, 1, 1, 3, 5, 4, 3, 6, 3, 1, 0, 6, 4, 2, 6, 3, 6, 1, 0, 5, 3, 4, 3, 1, 0, 3, 1, 5, 5, 2, 7, 1, 2, 0, 4, 3, 2, 7, 0, 0, 5, 2, 7, 2, 7, 4, 5, 3, 3, 7, 7, 5]
19,32,32,62,20,0.0,87.03125,1.375,[2, 1, 6, 2, 4, 1, 4, 2, 1, 1, 1, 7, 0, 7, 4, 6, 1, 5, 3, 3, 2, 2, 3, 7, 3, 7, 0, 4, 1, 7, 0, 0, 4, 1, 2, 0, 2, 2, 6, 0, 4, 7, 6, 1, 0, 1, 5, 1, 1, 1, 1, 3, 5, 4, 3, 6, 3, 1, 0, 6, 4, 2, 6, 3, 6, 1, 0, 5, 3, 4, 3, 1, 0, 3, 1, 5, 5, 2, 7, 1, 2, 0, 4, 3, 2, 7, 0, 0, 5, 2, 7, 2, 7, 4, 5, 3, 3, 7, 7, 5]
20,33,33,58,23,0.0,85.54545454545455,1.393939393939394,[2, 1, 6, 2, 4, 1, 4, 2, 1, 1, 1, 7, 0, 7, 4, 6, 1, 5, 3, 3, 2, 2, 3, 7, 3, 7, 0, 4, 1, 7, 0, 0, 4, 1, 2, 0, 2, 2, 6, 0, 4, 7, 6, 1, 0, 1, 5, 1, 1, 1, 1, 3, 5, 4, 3, 6, 3, 1, 0, 6, 4, 2, 6, 3, 6, 1, 0, 5, 3, 4, 3, 1, 0, 3, 1, 5, 5, 2, 7, 1, 2, 0, 4, 3, 2, 7, 0, 0, 5, 2, 7, 2, 7, 4, 5, 3, 3, 7, 7, 5]
21,34,34,57,24,0.0,83.67647058823529,1.411764705882353,[2, 1, 6, 2, 4, 1, 4, 2, 1, 1, 1, 7, 0, 7, 4, 6, 1, 5, 3, 3, 2, 2, 3, 7, 3, 7, 0, 4, 1, 7, 0, 0, 4, 1, 2, 0, 2, 2, 6, 0, 4, 7, 6, 1, 0, 1, 5, 1, 1, 1, 1, 3, 5, 4, 3, 6, 3, 1, 0, 6, 4, 2, 6, 3, 6, 1, 0, 5, 3, 4, 3, 1, 0, 3, 1, 5, 5, 2, 7, 1, 2, 0, 4, 3, 2, 7, 0, 0, 5, 2, 7, 2, 7, 4, 5, 3, 3, 7, 7, 5]
22,36,36,51,25,0.0,80.30555555555556,1.4444444444444444,[2, 1, 6, 2, 4, 1, 4, 2, 1, 1, 1, 7, 0, 7, 4, 6, 1, 5, 3, 3, 2, 2, 3, 7, 3, 7, 0, 4, 1, 7, 0, 0, 4, 1, 2, 0, 2, 2, 6, 0, 4, 7, 6, 1, 0, 1, 5, 1, 1, 1, 1, 3, 5, 4, 3, 6, 3, 1, 0, 6, 4, 2, 6, 3, 6, 1, 0, 5, 3, 4, 3, 1, 0, 3, 1, 5, 5, 2, 7, 1, 2, 0, 4, 3, 2, 7, 0, 0, 5, 2, 7, 2, 7, 4, 5, 3, 3, 7, 7, 5]
23,37,37,46,30,0.0,79.1891891891892,1.4594594594594594,[2, 1, 6, 2, 4, 1, 4, 2, 1, 1, 1, 7, 0, 7, 4, 6, 1, 5, 3, 3, 2, 2, 3, 7, 3, 7, 0, 4, 1, 7, 0, 0, 4, 1, 2, 0, 2, 2, 6, 0, 4, 7, 6, 1, 0, 1, 5, 1, 1, 1, 1, 3, 5, 4, 3, 6, 3, 1, 0, 6, 4, 2, 6, 3, 6, 1, 0, 5, 3, 4, 3, 1, 0, 3, 1, 5, 5, 2, 7, 1, 2, 0, 4, 3, 2, 7, 0, 0, 5, 2, 7, 2, 7, 4, 5, 3, 3, 7, 7, 5]
24,39,39,46,31,0.0,75.46153846153847,1.4871794871794872,[2, 1, 6, 2, 4, 1, 4, 2, 1, 1, 1, 7, 0, 7, 4, 6, 1, 5, 3, 3, 2, 2, 3, 7, 3, 7, 0, 4, 1, 7, 0, 0, 4, 1, 2, 0, 2, 2, 6, 0, 4, 7, 6, 1, 0, 1, 5, 1, 1, 1, 1, 3, 5, 4, 3, 6, 3, 1, 0, 6, 4, 2, 6, 3, 6, 1, 0, 5, 3, 4, 3, 1, 0, 3, 1, 5, 5, 2, 7, 1, 2, 0, 4, 3, 2, 7, 0, 0, 5, 2, 7, 2, 7, 4, 5, 3, 3, 7, 7, 5]
25,42,42,46,31,0.0,70.33333333333333,1.5238095238095237,[2, 1, 6, 2, 4, 1, 4, 2, 1, 1, 1, 7, 0, 7, 4, 6, 1, 5, 3, 3, 2, 2, 3, 7, 3, 7, 0, 4, 1, 7, 0, 0, 4, 1, 2, 0, 2, 2, 6, 0, 4, 7, 6, 1, 0, 1, 5, 1, 1, 1, 1, 3, 5, 4, 3, 6, 3, 1, 0, 6, 4, 2, 6, 3, 6, 1, 0, 5, 3, 4, 3, 1, 0, 3, 1, 5, 5, 2, 7, 1, 2, 0, 4, 3, 2, 7, 0, 0, 5, 2, 7, 2, 7, 4, 5, 3, 3, 7, 7, 5]
26,44,44,44,32,0.0,67.54545454545455,1.5454545454545454,[2, 1, 6, 2, 4, 1, 4, 2, 1, 1, 1, 7, 0, 7, 4, 6, 1, 5, 3, 3, 2, 2, 3, 7, 3, 7, 0, 4, 1, 7, 0, 0, 4, 1, 2, 0, 2, 2, 6, 0, 4, 7, 6, 1, 0, 1, 5, 1, 1, 1, 1, 3, 5, 4, 3, 6, 3, 1, 0, 6, 4, 2, 6, 3, 6, 1, 0, 5, 3, 4, 3, 1, 0, 3, 1, 5, 5, 2, 7, 1, 2, 0, 4, 3, 2, 7, 0, 0, 5, 2, 7, 2, 7, 4, 5, 3, 3, 7, 7, 5]
27,45,45,40,30,0.0,66.62222222222222,1.5555555555555556,[2, 1, 6, 2, 4, 1, 4, 2, 1, 1, 1, 7, 0, 7, 4, 6, 1, 5, 3, 3, 2, 2, 3, 7, 3, 7, 0, 4, 1, 7, 0, 0, 4, 1, 2, 0, 2, 2, 6, 0, 4, 7, 6, 1, 0, 1, 5, 1, 1, 1, 1, 3, 5, 4, 3, 6, 3, 1, 0, 6, 4, 2, 6, 3, 6, 1, 0, 5, 3, 4, 3, 1, 0, 3, 1, 5, 5, 2, 7, 1, 2, 0, 4, 3, 2, 7, 0, 0, 5, 2, 7, 2, 7, 4, 5, 3, 3, 7, 7, 5]
28,46,46,40,33,0.0,65.28260869565217,1.565217391304348,[2, 1, 6, 2, 4, 1, 4, 2, 1, 1, 1, 7, 0, 7, 4, 6, 1, 5, 3, 3, 2, 2, 3, 7, 3, 7, 0, 4, 1, 7, 0, 0, 4, 1, 2, 0, 2, 2, 6, 0, 4, 7, 6, 1, 0, 1, 5, 1, 1, 1, 1, 3, 5, 4, 3, 6, 3, 1, 0, 6, 4, 2, 6, 3, 6, 1, 0, 5, 3, 4, 3, 1, 0, 3, 1, 5, 5, 2, 7, 1, 2, 0, 4, 3, 2, 7, 0, 0, 5, 2, 7, 2, 7, 4, 5, 3, 3, 7, 7, 5]
29,49,49,34,35,0.0,61.97959183673469,1.5918367346938775,[1, 7, 4, 3, 6, 1, 3, 4, 7, 0, 6, 4, 0, 7, 3, 4, 1, 1, 2, 2, 6, 5, 5, 0, 4, 5, 4, 2, 1, 2, 0, 0, 7, 2, 7, 1, 6, 3, 4, 0, 4, 7, 5, 1, 4, 0, 0, 1, 5, 7, 2, 5, 4, 1, 1, 0, 3, 0, 1, 6, 0, 5, 6, 0, 5, 2, 5, 2, 5, 4, 0, 0, 4, 0, 5, 3, 2, 1, 3, 5, 7, 1, 2, 2, 2, 0, 2, 2, 6, 3, 1, 2, 1, 1, 5, 2, 6, 1, 4, 4]
30,50,50,33,35,0.0,60.86,1.6,[1, 7, 4, 3, 6, 1, 3, 4, 7, 0, 6, 4, 0, 7, 3, 4, 1, 1, 2, 2, 6, 5, 5, 0, 4, 5, 4, 2, 1, 2, 0, 0, 7, 2, 7, 1, 6, 3, 4, 0, 4, 7, 5, 1, 4, 0, 0, 1, 5, 7, 2, 5, 4, 1, 1, 0, 3, 0, 1, 6, 0, 5, 6, 0, 5, 2, 5, 2, 5, 4, 0, 0, 4, 0, 5, 3, 2, 1, 3, 5, 7, 1, 2, 2, 2, 0, 2, 2, 6, 3, 1, 2, 1, 1, 5, 2, 6, 1, 4, 4]
31,52,52,30,37,0.0,58.80769230769231,1.6153846153846154,[1, 7, 4, 3, 6, 1, 3, 4, 7, 0, 6, 4, 0, 7, 3, 4, 1, 1, 2, 2, 6, 5, 5, 0, 4, 5, 4, 2, 1, 2, 0, 0, 7, 2, 7, 1, 6, 3, 4, 0, 4, 7, 5, 1, 4, 0, 0, 1, 5, 7, 2, 5, 4, 1, 1, 0, 3, 0, 1, 6, 0, 5, 6, 0, 5, 2, 5, 2, 5, 4, 0, 0, 4, 0, 5, 3, 2, 1, 3, 5, 7, 1, 2, 2, 2, 0, 2, 2, 6, 3, 1, 2, 1, 1, 5, 2, 6, 1, 4, 4]
32,52,52,28,36,0.0,58.96153846153846,1.6153846153846154,[1, 7, 4, 3, 6, 1, 3, 4, 7, 0, 6, 4, 0, 7, 3, 4, 1, 1, 2, 2, 6, 5, 5, 0, 4, 5, 4, 2, 1, 2, 0, 0, 7, 2, 7, 1, 6, 3, 4, 0, 4, 7, 5, 1, 4, 0, 0, 1, 5, 7, 2, 5, 4, 1, 1, 0, 3, 0, 1, 6, 0, 5, 6, 0, 5, 2, 5, 2, 5, 4, 0, 0, 4, 0, 5, 3, 2, 1, 3, 5, 7, 1, 2, 2, 2, 0, 2, 2, 6, 3, 1, 2, 1, 1, 5, 2, 6, 1, 4, 4]
33,53,53,28,38,0.0,57.81132075471698,1.6226415094339623,[1, 7, 4, 3, 6, 1, 3, 4, 7, 0, 6, 4, 0, 7, 3, 4, 1, 1, 2, 2, 6, 5, 5, 0, 4, 5, 4, 2, 1, 2, 0, 0, 7, 2, 7, 1, 6, 3, 4, 0, 4, 7, 5, 1, 4, 0, 0, 1, 5, 7, 2, 5, 4, 1, 1, 0, 3, 0, 1, 6, 0, 5, 6, 0, 5, 2, 5, 2, 5, 4, 0, 0, 4, 0, 5, 3, 2, 1, 3, 5, 7, 1, 2, 2, 2, 0, 2, 2, 6, 3, 1, 2, 1, 1, 5, 2, 6, 1, 4, 4]
34,55,55,30,35,0.0,55.472727272727276,1.6363636363636365,[1, 7, 4, 3, 6, 1, 3, 4, 7, 0, 6, 4, 0, 7, 3, 4, 1, 1, 2, 2, 6, 5, 5, 0, 4, 5, 4, 2, 1, 2, 0, 0, 7, 2, 7, 1, 6, 3, 4, 0, 4, 7, 5, 1, 4, 0, 0, 1, 5, 7, 2, 5, 4, 1, 1, 0, 3, 0, 1, 6, 0, 5, 6, 0, 5, 2, 5, 2, 5, 4, 0, 0, 4, 0, 5, 3, 2, 1, 3, 5, 7, 1, 2, 2, 2, 0, 2, 2, 6, 3, 1, 2, 1, 1, 5, 2, 6, 1, 4, 4]
35,56,56,27,32,0.0,54.660714285714285,1.6428571428571428,[1, 7, 4, 3, 6, 1, 3, 4, 7, 0, 6, 4, 0, 7, 3, 4, 1, 1, 2, 2, 6, 5, 5, 0, 4, 5, 4, 2, 1, 2, 0, 0, 7, 2, 7, 1, 6, 3, 4, 0, 4, 7, 5, 1, 4, 0, 0, 1, 5, 7, 2, 5, 4, 1, 1, 0, 3, 0, 1, 6, 0, 5, 6, 0, 5, 2, 5, 2, 5, 4, 0, 0, 4, 0, 5, 3, 2, 1, 3, 5, 7, 1, 2, 2, 2, 0, 2, 2, 6, 3, 1, 2, 1, 1, 5, 2, 6, 1, 4, 4]
36,57,57,28,30,0.0,53.50877192982456,1.6491228070175439,[1, 7, 4, 3, 6, 1, 3, 4, 7, 0, 6, 4, 0, 7, 3, 4, 1, 1, 2, 2, 6, 5, 5, 0, 4, 5, 4, 2, 1, 2, 0, 0, 7, 2, 7, 1, 6, 3, 4, 0, 4, 7, 5, 1, 4, 0, 0, 1, 5, 7, 2, 5, 4, 1, 1, 0, 3, 0, 1, 6, 0, 5, 6, 0, 5, 2, 5, 2, 5, 4, 0, 0, 4, 0, 5, 3, 2, 1, 3, 5, 7, 1, 2, 2, 2, 0, 2, 2, 6, 3, 1, 2, 1, 1, 5, 2, 6, 1, 4, 4]
37,60,60,26,31,0.0,50.88333333333333,1.6666666666666667,[1, 7, 4, 3, 6, 1, 3, 4, 7, 0, 6, 4, 0, 7, 3, 4, 1, 1, 2, 2, 6, 5, 5, 0, 4, 5, 4, 2, 1, 2, 0, 0, 7, 2, 7, 1, 6, 3, 4, 0, 4, 7, 5, 1, 4, 0, 0, 1, 5, 7, 2, 5, 4, 1, 1, 0, 3, 0, 1, 6, 0, 5, 6, 0, 5, 2, 5, 2, 5, 4, 0, 0, 4, 0, 5, 3, 2, 1, 3, 5, 7, 1, 2, 2, 2, 0, 2, 2, 6, 3, 1, 2, 1, 1, 5, 2, 6, 1, 4, 4]
38,62,62,22,35,0.0,49.403225806451616,1.6774193548387097,[1, 7, 4, 3, 6, 1, 3, 4, 7, 0, 6, 4, 0, 7, 3, 4, 1, 1, 2, 2, 6, 5, 5, 0, 4, 5, 4, 2, 1, 2, 0, 0, 7, 2, 7, 1, 6, 3, 4, 0, 4, 7, 5, 1, 4, 0, 0, 1, 5, 7, 2, 5, 4, 1, 1, 0, 3, 0, 1, 6, 0, 5, 6, 0, 5, 2, 5, 2, 5, 4, 0, 0, 4, 0, 5, 3, 2, 1, 3, 5, 7, 1, 2, 2, 2, 0, 2, 2, 6, 3, 1, 2, 1, 1, 5, 2, 6, 1, 4, 4]
39,64,64,21,40,0.0,47.75,1.6875,[1, 7, 4, 3, 6, 1, 3, 4, 7, 0, 6, 4, 0, 7, 3, 4, 1, 1, 2, 2, 6, 5, 5, 0, 4, 5, 4, 2, 1, 2, 0, 0, 7, 2, 7, 1, 6, 3, 4, 0, 4, 7, 5, 1, 4, 0, 0, 1, 5, 7, 2, 5, 4, 1, 1, 0, 3, 0, 1, 6, 0, 5, 6, 0, 5, 2, 5, 2, 5, 4, 0, 0, 4, 0, 5, 3, 2, 1, 3, 5, 7, 1, 2, 2, 2, 0, 2, 2, 6, 3, 1, 2, 1, 1, 5, 2, 6, 1, 4, 4]
40,64,64,22,33,0.0,47.453125,1.6875,[1, 7, 4, 3, 6, 1, 3, 4, 7, 0, 6, 4, 0, 7, 3, 4, 1, 1, 2, 2, 6, 5, 5, 0, 4, 5, 4, 2, 1, 2, 0, 0, 7, 2, 7, 1, 6, 3, 4, 0, 4, 7, 5, 1, 4, 0, 0, 1, 5, 7, 2, 5, 4, 1, 1, 0, 3, 0, 1, 6, 0, 5, 6, 0, 5, 2, 5, 2, 5, 4, 0, 0, 4, 0, 5, 3, 2, 1, 3, 5, 7, 1, 2, 2, 2, 0, 2, 2, 6, 3, 1, 2, 1, 1, 5, 2, 6, 1, 4, 4]
41,64,64,21,38,0.0,47.3125,1.6875,[1, 7, 4, 3, 6, 1, 3, 4, 7, 0, 6, 4, 0, 7, 3, 4, 1, 1, 2, 2, 6, 5, 5, 0, 4, 5, 4, 2, 1, 2, 0, 0, 7, 2, 7, 1, 6, 3, 4, 0, 4, 7, 5, 1, 4, 0, 0, 1, 5, 7, 2, 5, 4, 1, 1, 0, 3, 0, 1, 6, 0, 5, 6, 0, 5, 2, 5, 2, 5, 4, 0, 0, 4, 0, 5, 3, 2, 1, 3, 5, 7, 1, 2, 2, 2, 0, 2, 2, 6, 3, 1, 2, 1, 1, 5, 2, 6, 1, 4, 4]
42,65,65,19,33,0.0,46.52307692307692,1.6923076923076923,[1, 7, 4, 3, 6, 1, 3, 4, 7, 0, 6, 4, 0, 7, 3, 4, 1, 1, 2, 2, 6, 5, 5, 0, 4, 5, 4, 2, 1, 2, 0, 0, 7, 2, 7, 1, 6, 3, 4, 0, 4, 7, 5, 1, 4, 0, 0, 1, 5, 7, 2, 5, 4, 1, 1, 0, 3, 0, 1, 6, 0, 5, 6, 0, 5, 2, 5, 2, 5, 4, 0, 0, 4, 0, 5, 3, 2, 1, 3, 5, 7, 1, 2, 2, 2, 0, 2, 2, 6, 3, 1, 2, 1, 1, 5, 2, 6, 1, 4, 4]
43,66,66,21,33,0.0,45.43939393939394,1.696969696969697,[1, 7, 4, 3, 6, 1, 3, 4, 7, 0, 6, 4, 0, 7, 3, 4, 1, 1, 2, 2, 6, 5, 5, 0, 4, 5, 4, 2, 1, 2, 0, 0, 7, 2, 7, 1, 6, 3, 4, 0, 4, 7, 5, 1, 4, 0, 0, 1, 5, 7, 2, 5, 4, 1, 1, 0, 3, 0, 1, 6, 0, 5, 6, 0, 5, 2, 5, 2, 5, 4, 0, 0, 4, 0, 5, 3, 2, 1, 3, 5, 7, 1, 2, 2, 2, 0, 2, 2, 6, 3, 1, 2, 1, 1, 5, 2, 6, 1, 4, 4]
44,67,67,21,36,0.0,44.52238805970149,1.7014925373134329,[1, 7, 4, 3, 6, 1, 3, 4, 7, 0, 6, 4, 0, 7, 3, 4, 1, 1, 2, 2, 6, 5, 5, 0, 4, 5, 4, 2, 1, 2, 0, 0, 7, 2, 7, 1, 6, 3, 4, 0, 4, 7, 5, 1, 4, 0, 0, 1, 5, 7, 2, 5, 4, 1, 1, 0, 3, 0, 1, 6, 0, 5, 6, 0, 5, 2, 5, 2, 5, 4, 0, 0, 4, 0, 5, 3, 2, 1, 3, 5, 7, 1, 2, 2, 2, 0, 2, 2, 6, 3, 1, 2, 1, 1, 5, 2, 6, 1, 4, 4]
45,69,69,19,37,0.0,43.130434782608695,1.710144927536232,[1, 7, 4, 3, 6, 1, 3, 4, 7, 0, 6, 4, 0, 7, 3, 4, 1, 1, 2, 2, 6, 5, 5, 0, 4, 5, 4, 2, 1, 2, 0, 0, 7, 2, 7, 1, 6, 3, 4, 0, 4, 7, 5, 1, 4, 0, 0, 1, 5, 7, 2, 5, 4, 1, 1, 0, 3, 0, 1, 6, 0, 5, 6, 0, 5, 2, 5, 2, 5, 4, 0, 0, 4, 0, 5, 3, 2, 1, 3, 5, 7, 1, 2, 2, 2, 0, 2, 2, 6, 3, 1, 2, 1, 1, 5, 2, 6, 1, 4, 4]
46,72,72,23,32,0.0,40.791666666666664,1.7222222222222223,[1, 7, 4, 3, 6, 1, 3, 4, 7, 0, 6, 4, 0, 7, 3, 4, 1, 1, 2, 2, 6, 5, 5, 0, 4, 5, 4, 2, 1, 2, 0, 0, 7, 2, 7, 1, 6, 3, 4, 0, 4, 7, 5, 1, 4, 0, 0, 1, 5, 7, 2, 5, 4, 1, 1, 0, 3, 0, 1, 6, 0, 5, 6, 0, 5, 2, 5, 2, 5, 4, 0, 0, 4, 0, 5, 3, 2, 1, 3, 5, 7, 1, 2, 2, 2, 0, 2, 2, 6, 3, 1, 2, 1, 1, 5, 2, 6, 1, 4, 4]
47,74,74,19,34,0.0,39.66216216216216,1.7297297297297298,[1, 7, 4, 3, 6, 1, 3, 4, 7, 0, 6, 4, 0, 7, 3, 4, 1, 1, 2, 2, 6, 5, 5, 0, 4, 5, 4, 2, 1, 2, 0, 0, 7, 2, 7, 1, 6, 3, 4, 0, 4, 7, 5, 1, 4, 0, 0, 1, 5, 7, 2, 5, 4, 1, 1, 0, 3, 0, 1, 6, 0, 5, 6, 0, 5, 2, 5, 2, 5, 4, 0, 0, 4, 0, 5, 3, 2, 1, 3, 5, 7, 1, 2, 2, 2, 0, 2, 2, 6, 3, 1, 2, 1, 1, 5, 2, 6, 1, 4, 4]
